[999, 406]
[999, 406]
[999, 406]
[999, 406]
[999, 406]
[892, 468]
[351, 527]
[648, 379]
[742, 781]
[422, 759]
[587, 356]
[865, 581]
[230, 899]
[0, 570]
[0, 456]
[0, 324]
[0, 145]
[0, 143]
[5, 157]
[1, 148]
[0, 110]
[0, 110]
[0, 116]
[0, 108]
[0, 54]
[0, 41]
[4, 53]
[20, 188]
[58, 320]
[64, 349]
[1036, 184]
[1439, 346]
[1439, 506]
[1439, 512]
[1439, 511]
[1439, 511]
[1439, 664]
[1439, 889]
[1439, 899]
[1439, 895]
[1439, 891]
[1438, 831]
[1427, 741]
[1427, 732]
[1427, 732]
[1427, 732]
[1427, 732]
[1427, 732]
[1427, 732]
[1402, 722]
